2024-01-22 08:48:40 [INFO] Question: give average of candidates hired.
2024-01-22 08:48:40 [INFO] Running PandasAI with openai LLM...
2024-01-22 08:48:40 [INFO] Prompt ID: 7e9b5c94-b563-421f-8870-11f03253549c
2024-01-22 08:48:41 [INFO] Using prompt: You are provided with the following pandas DataFrames:

<dataframe>
Dataframe dfs[0], with 31 rows and 14 columns.
This is the metadata of the dataframe dfs[0]:
Employee turnover rate,Employee retention rate,Organisation Expansion index,No of Large scale projects,No of medium and small scale projects,NIFTY,SENSEX,NIFTY IT,GDP,Gross profit margin,Working Capital,Quick Ratio,Return on Equity,Candidates Hired
8.5,91.5,0.3,34,7,21658.25,71968.72,34835.25,20974620,69.45,54203,1.77,18.5,2000
5.45,94.55,0.4,46,5,15780.25,60840.74,28621.72,14541200,63.35,53394,1.76,18.5,1300
6.0,94.0,0.5,47,10,19189.05,59549.92,29563.23,16435250,66.66,52492,1.68,16.54,1200
9.0,91.0,0.5,45,8,17662.15,72240.26,35515.12,18574290,65.66,55392,1.84,18.0,1800
4.5,95.5,0.3,44,13,17339.85,53018.94,27843.35,13548500,62.35,51392,1.93,17.5,1500
</dataframe>

<conversation>
User: give average of candidates hired.
</conversation>

This is the initial python function. Do not change the params. Given the context, use the right dataframes.
```python
# TODO import all the dependencies required
import pandas as pd

def analyze_data(dfs: list[pd.DataFrame]) -> dict:
    """
    Analyze the data, using the provided dataframes (`dfs`).
    1. Prepare: Preprocessing and cleaning data if necessary
    2. Process: Manipulating data for analysis (grouping, filtering, aggregating, etc.)
    3. Analyze: Conducting the actual analysis (if the user asks to plot a chart you must save it as an image in temp_chart.png and not show the chart.)
    At the end, return a dictionary of:
    - type (possible values "string", "number", "dataframe", "plot")
    - value (can be a string, a dataframe or the path of the plot, NOT a dictionary)
    Examples: 
        { "type": "string", "value": f"The highest salary is {highest_salary}." }
        or
        { "type": "number", "value": 125 }
        or
        { "type": "dataframe", "value": pd.DataFrame({...}) }
        or
        { "type": "plot", "value": "temp_chart.png" }
    """
```

Take a deep breath and reason step-by-step. Act as a senior data analyst.
In the answer, you must never write the "technical" names of the tables.
Based on the last message in the conversation:
- return the updated analyze_data function wrapped within ```python ```
2024-01-22 08:48:41 [INFO] error_code=insufficient_quota error_message='You exceeded your current quota, please check your plan and billing details. For more information on this error, read the docs: https://platform.openai.com/docs/guides/error-codes/api-errors.' error_param=None error_type=insufficient_quota message='OpenAI API error received' stream_error=False
2024-01-22 10:01:25 [INFO] Question: give the average of candidates hired
2024-01-22 10:01:25 [INFO] Running PandasAI with openai LLM...
2024-01-22 10:01:25 [INFO] Prompt ID: 69e7e822-39c9-4d1c-84f6-765f585795be
2024-01-22 10:01:25 [INFO] Using prompt: You are provided with the following pandas DataFrames:

<dataframe>
Dataframe dfs[0], with 31 rows and 14 columns.
This is the metadata of the dataframe dfs[0]:
Employee turnover rate,Employee retention rate,Organisation Expansion index,No of Large scale projects,No of medium and small scale projects,NIFTY,SENSEX,NIFTY IT,GDP,Gross profit margin,Working Capital,Quick Ratio,Return on Equity,Candidates Hired
6.0,94.0,0.5,47,10,19189.05,59549.92,29563.23,16435250,66.66,52492,1.68,16.54,1200
5.45,94.55,0.4,46,5,15780.25,60840.74,28621.72,14541200,63.35,53394,1.76,18.5,1300
9.0,91.0,0.5,45,8,17662.15,72240.26,35515.12,18574290,65.66,55392,1.84,18.0,1800
4.5,95.5,0.3,44,13,17339.85,53018.94,27843.35,13548500,62.35,51392,1.93,17.5,1500
8.5,91.5,0.3,34,7,21658.25,71968.72,34835.25,20974620,69.45,54203,1.77,18.5,2000
</dataframe>

<conversation>
User: give the average of candidates hired
</conversation>

This is the initial python function. Do not change the params. Given the context, use the right dataframes.
```python
# TODO import all the dependencies required
import pandas as pd

def analyze_data(dfs: list[pd.DataFrame]) -> dict:
    """
    Analyze the data, using the provided dataframes (`dfs`).
    1. Prepare: Preprocessing and cleaning data if necessary
    2. Process: Manipulating data for analysis (grouping, filtering, aggregating, etc.)
    3. Analyze: Conducting the actual analysis (if the user asks to plot a chart you must save it as an image in temp_chart.png and not show the chart.)
    At the end, return a dictionary of:
    - type (possible values "string", "number", "dataframe", "plot")
    - value (can be a string, a dataframe or the path of the plot, NOT a dictionary)
    Examples: 
        { "type": "string", "value": f"The highest salary is {highest_salary}." }
        or
        { "type": "number", "value": 125 }
        or
        { "type": "dataframe", "value": pd.DataFrame({...}) }
        or
        { "type": "plot", "value": "temp_chart.png" }
    """
```

Take a deep breath and reason step-by-step. Act as a senior data analyst.
In the answer, you must never write the "technical" names of the tables.
Based on the last message in the conversation:
- return the updated analyze_data function wrapped within ```python ```
2024-01-22 10:01:42 [INFO] Code generated:
```
# TODO import all the dependencies required
import pandas as pd

def analyze_data(dfs: list[pd.DataFrame]) -> dict:
    """
    Analyze the data, using the provided dataframes (`dfs`).
    1. Prepare: Preprocessing and cleaning data if necessary
    2. Process: Manipulating data for analysis (grouping, filtering, aggregating, etc.)
    3. Analyze: Conducting the actual analysis (if the user asks to plot a chart you must save it as an image in temp_chart.png and not show the chart.)
    At the end, return a dictionary of:
    - type (possible values "string", "number", "dataframe", "plot")
    - value (can be a string, a dataframe or the path of the plot, NOT a dictionary)
    Examples: 
        { "type": "string", "value": f"The highest salary is {highest_salary}." }
        or
        { "type": "number", "value": 125 }
        or
        { "type": "dataframe", "value": pd.DataFrame({...}) }
        or
        { "type": "plot", "value": "temp_chart.png" }
    """
    # Calculate the average of candidates hired
    avg_candidates_hired = dfs[0]['Candidates Hired'].mean()
    
    # Return the result as a number
    return {"type": "number", "value": avg_candidates_hired}
```

2024-01-22 10:01:42 [INFO] 
Code running:
```
def analyze_data(dfs: list[pd.DataFrame]) ->dict:
    """
    Analyze the data, using the provided dataframes (`dfs`).
    1. Prepare: Preprocessing and cleaning data if necessary
    2. Process: Manipulating data for analysis (grouping, filtering, aggregating, etc.)
    3. Analyze: Conducting the actual analysis (if the user asks to plot a chart you must save it as an image in temp_chart.png and not show the chart.)
    At the end, return a dictionary of:
    - type (possible values "string", "number", "dataframe", "plot")
    - value (can be a string, a dataframe or the path of the plot, NOT a dictionary)
    Examples: 
        { "type": "string", "value": f"The highest salary is {highest_salary}." }
        or
        { "type": "number", "value": 125 }
        or
        { "type": "dataframe", "value": pd.DataFrame({...}) }
        or
        { "type": "plot", "value": "temp_chart.png" }
    """
    avg_candidates_hired = dfs[0]['Candidates Hired'].mean()
    return {'type': 'number', 'value': avg_candidates_hired}
        ```
2024-01-22 10:01:42 [INFO] Answer: {'type': 'number', 'value': 1151.6129032258063}
2024-01-22 10:01:42 [INFO] Executed in: 17.604341506958008s
2024-01-22 10:02:37 [INFO] Question: can you plot the graph between employee turnover rate and candidates hired
2024-01-22 10:02:37 [INFO] Running PandasAI with openai LLM...
2024-01-22 10:02:37 [INFO] Prompt ID: e97380c4-0446-4508-86d9-49722c6fc88a
2024-01-22 10:02:37 [INFO] Using prompt: You are provided with the following pandas DataFrames:

<dataframe>
Dataframe dfs[0], with 31 rows and 14 columns.
This is the metadata of the dataframe dfs[0]:
Employee turnover rate,Employee retention rate,Organisation Expansion index,No of Large scale projects,No of medium and small scale projects,NIFTY,SENSEX,NIFTY IT,GDP,Gross profit margin,Working Capital,Quick Ratio,Return on Equity,Candidates Hired
6.0,94.0,0.5,47,10,19189.05,59549.92,29563.23,16435250,66.66,52492,1.68,16.54,1200
4.5,95.5,0.3,44,13,17339.85,53018.94,27843.35,13548500,62.35,51392,1.93,17.5,1500
9.0,91.0,0.5,45,8,17662.15,72240.26,35515.12,18574290,65.66,55392,1.84,18.0,1800
5.45,94.55,0.4,46,5,15780.25,60840.74,28621.72,14541200,63.35,53394,1.76,18.5,1300
8.5,91.5,0.3,34,7,21658.25,71968.72,34835.25,20974620,69.45,54203,1.77,18.5,2000
</dataframe>

<conversation>
User: can you plot the graph between employee turnover rate and candidates hired
</conversation>

This is the initial python function. Do not change the params. Given the context, use the right dataframes.
```python
# TODO import all the dependencies required
import pandas as pd

def analyze_data(dfs: list[pd.DataFrame]) -> dict:
    """
    Analyze the data, using the provided dataframes (`dfs`).
    1. Prepare: Preprocessing and cleaning data if necessary
    2. Process: Manipulating data for analysis (grouping, filtering, aggregating, etc.)
    3. Analyze: Conducting the actual analysis (if the user asks to plot a chart you must save it as an image in temp_chart.png and not show the chart.)
    At the end, return a dictionary of:
    - type (possible values "string", "number", "dataframe", "plot")
    - value (can be a string, a dataframe or the path of the plot, NOT a dictionary)
    Examples: 
        { "type": "string", "value": f"The highest salary is {highest_salary}." }
        or
        { "type": "number", "value": 125 }
        or
        { "type": "dataframe", "value": pd.DataFrame({...}) }
        or
        { "type": "plot", "value": "temp_chart.png" }
    """
```

Take a deep breath and reason step-by-step. Act as a senior data analyst.
In the answer, you must never write the "technical" names of the tables.
Based on the last message in the conversation:
- return the updated analyze_data function wrapped within ```python ```
2024-01-22 10:02:59 [INFO] Code generated:
```
# TODO import all the dependencies required
import pandas as pd
import matplotlib.pyplot as plt

def analyze_data(dfs: list[pd.DataFrame]) -> dict:
    """
    Analyze the data, using the provided dataframes (`dfs`).
    1. Prepare: Preprocessing and cleaning data if necessary
    2. Process: Manipulating data for analysis (grouping, filtering, aggregating, etc.)
    3. Analyze: Conducting the actual analysis (if the user asks to plot a chart you must save it as an image in temp_chart.png and not show the chart.)
    At the end, return a dictionary of:
    - type (possible values "string", "number", "dataframe", "plot")
    - value (can be a string, a dataframe or the path of the plot, NOT a dictionary)
    Examples: 
        { "type": "string", "value": f"The highest salary is {highest_salary}." }
        or
        { "type": "number", "value": 125 }
        or
        { "type": "dataframe", "value": pd.DataFrame({...}) }
        or
        { "type": "plot", "value": "temp_chart.png" }
    """
    # Prepare: No preprocessing or cleaning required
    
    # Process: Select relevant columns from the dataframe
    df = dfs[0][['Employee turnover rate', 'Candidates Hired']]
    
    # Analyze: Plot the graph between employee turnover rate and candidates hired
    plt.plot(df['Employee turnover rate'], df['Candidates Hired'])
    plt.xlabel('Employee Turnover Rate')
    plt.ylabel('Candidates Hired')
    plt.title('Employee Turnover Rate vs Candidates Hired')
    plt.savefig('temp_chart.png')
    plt.close()
    
    # Return the path of the plot
    return {"type": "plot", "value": "temp_chart.png"}
```

2024-01-22 10:02:59 [INFO] 
Code running:
```
def analyze_data(dfs: list[pd.DataFrame]) ->dict:
    """
    Analyze the data, using the provided dataframes (`dfs`).
    1. Prepare: Preprocessing and cleaning data if necessary
    2. Process: Manipulating data for analysis (grouping, filtering, aggregating, etc.)
    3. Analyze: Conducting the actual analysis (if the user asks to plot a chart you must save it as an image in temp_chart.png and not show the chart.)
    At the end, return a dictionary of:
    - type (possible values "string", "number", "dataframe", "plot")
    - value (can be a string, a dataframe or the path of the plot, NOT a dictionary)
    Examples: 
        { "type": "string", "value": f"The highest salary is {highest_salary}." }
        or
        { "type": "number", "value": 125 }
        or
        { "type": "dataframe", "value": pd.DataFrame({...}) }
        or
        { "type": "plot", "value": "temp_chart.png" }
    """
    df = dfs[0][['Employee turnover rate', 'Candidates Hired']]
    plt.plot(df['Employee turnover rate'], df['Candidates Hired'])
    plt.xlabel('Employee Turnover Rate')
    plt.ylabel('Candidates Hired')
    plt.title('Employee Turnover Rate vs Candidates Hired')
    plt.savefig('temp_chart.png')
    plt.close()
    return {'type': 'plot', 'value': 'temp_chart.png'}
        ```
2024-01-22 10:03:00 [INFO] Answer: {'type': 'plot', 'value': 'temp_chart.png'}
2024-01-22 10:03:00 [INFO] Executed in: 23.485432386398315s
2024-01-22 10:13:58 [INFO] Question: summarize the impact of quick Ratio on candidates hired.
2024-01-22 10:13:58 [INFO] Running PandasAI with openai LLM...
2024-01-22 10:13:58 [INFO] Prompt ID: f25647a6-b228-47c3-a6ad-5c22c77beb8a
2024-01-22 10:13:58 [INFO] Using prompt: You are provided with the following pandas DataFrames:

<dataframe>
Dataframe dfs[0], with 31 rows and 14 columns.
This is the metadata of the dataframe dfs[0]:
Employee turnover rate,Employee retention rate,Organisation Expansion index,No of Large scale projects,No of medium and small scale projects,NIFTY,SENSEX,NIFTY IT,GDP,Gross profit margin,Working Capital,Quick Ratio,Return on Equity,Candidates Hired
5.45,94.55,0.4,46,5,15780.25,60840.74,28621.72,14541200,63.35,53394,1.76,18.5,1300
9.0,91.0,0.5,45,8,17662.15,72240.26,35515.12,18574290,65.66,55392,1.84,18.0,1800
8.5,91.5,0.3,34,7,21658.25,71968.72,34835.25,20974620,69.45,54203,1.77,18.5,2000
4.5,95.5,0.3,44,13,17339.85,53018.94,27843.35,13548500,62.35,51392,1.93,17.5,1500
6.0,94.0,0.5,47,10,19189.05,59549.92,29563.23,16435250,66.66,52492,1.68,16.54,1200
</dataframe>

<conversation>
User: summarize the impact of quick Ratio on candidates hired.
</conversation>

This is the initial python function. Do not change the params. Given the context, use the right dataframes.
```python
# TODO import all the dependencies required
import pandas as pd

def analyze_data(dfs: list[pd.DataFrame]) -> dict:
    """
    Analyze the data, using the provided dataframes (`dfs`).
    1. Prepare: Preprocessing and cleaning data if necessary
    2. Process: Manipulating data for analysis (grouping, filtering, aggregating, etc.)
    3. Analyze: Conducting the actual analysis (if the user asks to plot a chart you must save it as an image in temp_chart.png and not show the chart.)
    At the end, return a dictionary of:
    - type (possible values "string", "number", "dataframe", "plot")
    - value (can be a string, a dataframe or the path of the plot, NOT a dictionary)
    Examples: 
        { "type": "string", "value": f"The highest salary is {highest_salary}." }
        or
        { "type": "number", "value": 125 }
        or
        { "type": "dataframe", "value": pd.DataFrame({...}) }
        or
        { "type": "plot", "value": "temp_chart.png" }
    """
```

Take a deep breath and reason step-by-step. Act as a senior data analyst.
In the answer, you must never write the "technical" names of the tables.
Based on the last message in the conversation:
- return the updated analyze_data function wrapped within ```python ```
2024-01-22 10:14:20 [INFO] Code generated:
```
# TODO import all the dependencies required
import pandas as pd

def analyze_data(dfs: list[pd.DataFrame]) -> dict:
    """
    Analyze the data, using the provided dataframes (`dfs`).
    1. Prepare: Preprocessing and cleaning data if necessary
    2. Process: Manipulating data for analysis (grouping, filtering, aggregating, etc.)
    3. Analyze: Conducting the actual analysis (if the user asks to plot a chart you must save it as an image in temp_chart.png and not show the chart.)
    At the end, return a dictionary of:
    - type (possible values "string", "number", "dataframe", "plot")
    - value (can be a string, a dataframe or the path of the plot, NOT a dictionary)
    Examples: 
        { "type": "string", "value": f"The highest salary is {highest_salary}." }
        or
        { "type": "number", "value": 125 }
        or
        { "type": "dataframe", "value": pd.DataFrame({...}) }
        or
        { "type": "plot", "value": "temp_chart.png" }
    """
    
    # Extract the relevant data from the dataframe
    quick_ratio = dfs[0]['Quick Ratio']
    candidates_hired = dfs[0]['Candidates Hired']
    
    # Calculate the correlation between Quick Ratio and Candidates Hired
    correlation = quick_ratio.corr(candidates_hired)
    
    # Determine the impact of Quick Ratio on Candidates Hired
    if correlation > 0:
        impact = "positive"
    elif correlation < 0:
        impact = "negative"
    else:
        impact = "no"
    
    # Return the result as a string
    result = f"The impact of Quick Ratio on Candidates Hired is {impact}."
    return {"type": "string", "value": result}
```

2024-01-22 10:14:20 [INFO] 
Code running:
```
def analyze_data(dfs: list[pd.DataFrame]) ->dict:
    """
    Analyze the data, using the provided dataframes (`dfs`).
    1. Prepare: Preprocessing and cleaning data if necessary
    2. Process: Manipulating data for analysis (grouping, filtering, aggregating, etc.)
    3. Analyze: Conducting the actual analysis (if the user asks to plot a chart you must save it as an image in temp_chart.png and not show the chart.)
    At the end, return a dictionary of:
    - type (possible values "string", "number", "dataframe", "plot")
    - value (can be a string, a dataframe or the path of the plot, NOT a dictionary)
    Examples: 
        { "type": "string", "value": f"The highest salary is {highest_salary}." }
        or
        { "type": "number", "value": 125 }
        or
        { "type": "dataframe", "value": pd.DataFrame({...}) }
        or
        { "type": "plot", "value": "temp_chart.png" }
    """
    quick_ratio = dfs[0]['Quick Ratio']
    candidates_hired = dfs[0]['Candidates Hired']
    correlation = quick_ratio.corr(candidates_hired)
    if correlation > 0:
        impact = 'positive'
    elif correlation < 0:
        impact = 'negative'
    else:
        impact = 'no'
    result = f'The impact of Quick Ratio on Candidates Hired is {impact}.'
    return {'type': 'string', 'value': result}
        ```
2024-01-22 10:14:20 [INFO] Answer: {'type': 'string', 'value': 'The impact of Quick Ratio on Candidates Hired is positive.'}
2024-01-22 10:14:20 [INFO] Executed in: 22.12625527381897s
2024-01-22 10:15:49 [INFO] Question: give the average of employee turnover rate for first five years where each record corresponds to first half of a year so that two records form a year.
2024-01-22 10:15:49 [INFO] Running PandasAI with openai LLM...
2024-01-22 10:15:49 [INFO] Prompt ID: 7d1762f7-eaeb-4142-bf5a-49d8a84fda42
2024-01-22 10:15:49 [INFO] Using prompt: You are provided with the following pandas DataFrames:

<dataframe>
Dataframe dfs[0], with 31 rows and 14 columns.
This is the metadata of the dataframe dfs[0]:
Employee turnover rate,Employee retention rate,Organisation Expansion index,No of Large scale projects,No of medium and small scale projects,NIFTY,SENSEX,NIFTY IT,GDP,Gross profit margin,Working Capital,Quick Ratio,Return on Equity,Candidates Hired
9.0,91.0,0.5,45,8,17662.15,72240.26,35515.12,18574290,65.66,55392,1.84,18.0,1800
8.5,91.5,0.3,34,7,21658.25,71968.72,34835.25,20974620,69.45,54203,1.77,18.5,2000
5.45,94.55,0.4,46,5,15780.25,60840.74,28621.72,14541200,63.35,53394,1.76,18.5,1300
6.0,94.0,0.5,47,10,19189.05,59549.92,29563.23,16435250,66.66,52492,1.68,16.54,1200
4.5,95.5,0.3,44,13,17339.85,53018.94,27843.35,13548500,62.35,51392,1.93,17.5,1500
</dataframe>

<conversation>
User: give the average of employee turnover rate for first five years where each record corresponds to first half of a year so that two records form a year.
</conversation>

This is the initial python function. Do not change the params. Given the context, use the right dataframes.
```python
# TODO import all the dependencies required
import pandas as pd

def analyze_data(dfs: list[pd.DataFrame]) -> dict:
    """
    Analyze the data, using the provided dataframes (`dfs`).
    1. Prepare: Preprocessing and cleaning data if necessary
    2. Process: Manipulating data for analysis (grouping, filtering, aggregating, etc.)
    3. Analyze: Conducting the actual analysis (if the user asks to plot a chart you must save it as an image in temp_chart.png and not show the chart.)
    At the end, return a dictionary of:
    - type (possible values "string", "number", "dataframe", "plot")
    - value (can be a string, a dataframe or the path of the plot, NOT a dictionary)
    Examples: 
        { "type": "string", "value": f"The highest salary is {highest_salary}." }
        or
        { "type": "number", "value": 125 }
        or
        { "type": "dataframe", "value": pd.DataFrame({...}) }
        or
        { "type": "plot", "value": "temp_chart.png" }
    """
```

Take a deep breath and reason step-by-step. Act as a senior data analyst.
In the answer, you must never write the "technical" names of the tables.
Based on the last message in the conversation:
- return the updated analyze_data function wrapped within ```python ```
2024-01-22 10:16:09 [INFO] Code generated:
```
# TODO import all the dependencies required
import pandas as pd

def analyze_data(dfs: list[pd.DataFrame]) -> dict:
    """
    Analyze the data, using the provided dataframes (`dfs`).
    1. Prepare: Preprocessing and cleaning data if necessary
    2. Process: Manipulating data for analysis (grouping, filtering, aggregating, etc.)
    3. Analyze: Conducting the actual analysis (if the user asks to plot a chart you must save it as an image in temp_chart.png and not show the chart.)
    At the end, return a dictionary of:
    - type (possible values "string", "number", "dataframe", "plot")
    - value (can be a string, a dataframe or the path of the plot, NOT a dictionary)
    Examples: 
        { "type": "string", "value": f"The highest salary is {highest_salary}." }
        or
        { "type": "number", "value": 125 }
        or
        { "type": "dataframe", "value": pd.DataFrame({...}) }
        or
        { "type": "plot", "value": "temp_chart.png" }
    """
    
    # Preparing the data
    df = dfs[0]
    
    # Processing the data
    df['Year'] = df.index // 2 + 1  # Add a column for the year
    turnover_rate_avg = df[df['Year'] <= 5]['Employee turnover rate'].mean()  # Calculate the average turnover rate for the first five years
    
    # Analyzing the data
    result = {
        "type": "number",
        "value": turnover_rate_avg
    }
    
    return result
```

2024-01-22 10:16:09 [INFO] 
Code running:
```
def analyze_data(dfs: list[pd.DataFrame]) ->dict:
    """
    Analyze the data, using the provided dataframes (`dfs`).
    1. Prepare: Preprocessing and cleaning data if necessary
    2. Process: Manipulating data for analysis (grouping, filtering, aggregating, etc.)
    3. Analyze: Conducting the actual analysis (if the user asks to plot a chart you must save it as an image in temp_chart.png and not show the chart.)
    At the end, return a dictionary of:
    - type (possible values "string", "number", "dataframe", "plot")
    - value (can be a string, a dataframe or the path of the plot, NOT a dictionary)
    Examples: 
        { "type": "string", "value": f"The highest salary is {highest_salary}." }
        or
        { "type": "number", "value": 125 }
        or
        { "type": "dataframe", "value": pd.DataFrame({...}) }
        or
        { "type": "plot", "value": "temp_chart.png" }
    """
    df = dfs[0]
    df['Year'] = df.index // 2 + 1
    turnover_rate_avg = df[df['Year'] <= 5]['Employee turnover rate'].mean()
    result = {'type': 'number', 'value': turnover_rate_avg}
    return result
        ```
2024-01-22 10:16:09 [INFO] Answer: {'type': 'number', 'value': 8.695}
2024-01-22 10:16:09 [INFO] Executed in: 20.297846794128418s
2024-01-22 10:17:44 [INFO] Question: give the average of employee turnover rate for first ten records.
2024-01-22 10:17:44 [INFO] Running PandasAI with openai LLM...
2024-01-22 10:17:44 [INFO] Prompt ID: 17664c9c-e581-450c-b12b-7391585b3e97
2024-01-22 10:17:44 [INFO] Using prompt: You are provided with the following pandas DataFrames:

<dataframe>
Dataframe dfs[0], with 31 rows and 14 columns.
This is the metadata of the dataframe dfs[0]:
Employee turnover rate,Employee retention rate,Organisation Expansion index,No of Large scale projects,No of medium and small scale projects,NIFTY,SENSEX,NIFTY IT,GDP,Gross profit margin,Working Capital,Quick Ratio,Return on Equity,Candidates Hired
8.5,91.5,0.3,34,7,21658.25,71968.72,34835.25,20974620,69.45,54203,1.77,18.5,2000
4.5,95.5,0.3,44,13,17339.85,53018.94,27843.35,13548500,62.35,51392,1.93,17.5,1500
6.0,94.0,0.5,47,10,19189.05,59549.92,29563.23,16435250,66.66,52492,1.68,16.54,1200
5.45,94.55,0.4,46,5,15780.25,60840.74,28621.72,14541200,63.35,53394,1.76,18.5,1300
9.0,91.0,0.5,45,8,17662.15,72240.26,35515.12,18574290,65.66,55392,1.84,18.0,1800
</dataframe>

<conversation>
User: give the average of employee turnover rate for first ten records.
</conversation>

This is the initial python function. Do not change the params. Given the context, use the right dataframes.
```python
# TODO import all the dependencies required
import pandas as pd

def analyze_data(dfs: list[pd.DataFrame]) -> dict:
    """
    Analyze the data, using the provided dataframes (`dfs`).
    1. Prepare: Preprocessing and cleaning data if necessary
    2. Process: Manipulating data for analysis (grouping, filtering, aggregating, etc.)
    3. Analyze: Conducting the actual analysis (if the user asks to plot a chart you must save it as an image in temp_chart.png and not show the chart.)
    At the end, return a dictionary of:
    - type (possible values "string", "number", "dataframe", "plot")
    - value (can be a string, a dataframe or the path of the plot, NOT a dictionary)
    Examples: 
        { "type": "string", "value": f"The highest salary is {highest_salary}." }
        or
        { "type": "number", "value": 125 }
        or
        { "type": "dataframe", "value": pd.DataFrame({...}) }
        or
        { "type": "plot", "value": "temp_chart.png" }
    """
```

Take a deep breath and reason step-by-step. Act as a senior data analyst.
In the answer, you must never write the "technical" names of the tables.
Based on the last message in the conversation:
- return the updated analyze_data function wrapped within ```python ```
2024-01-22 10:18:04 [INFO] Code generated:
```
# TODO import all the dependencies required
import pandas as pd

def analyze_data(dfs: list[pd.DataFrame]) -> dict:
    """
    Analyze the data, using the provided dataframes (`dfs`).
    1. Prepare: Preprocessing and cleaning data if necessary
    2. Process: Manipulating data for analysis (grouping, filtering, aggregating, etc.)
    3. Analyze: Conducting the actual analysis (if the user asks to plot a chart you must save it as an image in temp_chart.png and not show the chart.)
    At the end, return a dictionary of:
    - type (possible values "string", "number", "dataframe", "plot")
    - value (can be a string, a dataframe or the path of the plot, NOT a dictionary)
    Examples: 
        { "type": "string", "value": f"The highest salary is {highest_salary}." }
        or
        { "type": "number", "value": 125 }
        or
        { "type": "dataframe", "value": pd.DataFrame({...}) }
        or
        { "type": "plot", "value": "temp_chart.png" }
    """
    # Extract the first dataframe from the list
    df = dfs[0]
    
    # Calculate the average of employee turnover rate for the first ten records
    avg_turnover_rate = df['Employee turnover rate'].head(10).mean()
    
    # Return the result as a dictionary
    return {"type": "number", "value": avg_turnover_rate}
```

2024-01-22 10:18:04 [INFO] 
Code running:
```
def analyze_data(dfs: list[pd.DataFrame]) ->dict:
    """
    Analyze the data, using the provided dataframes (`dfs`).
    1. Prepare: Preprocessing and cleaning data if necessary
    2. Process: Manipulating data for analysis (grouping, filtering, aggregating, etc.)
    3. Analyze: Conducting the actual analysis (if the user asks to plot a chart you must save it as an image in temp_chart.png and not show the chart.)
    At the end, return a dictionary of:
    - type (possible values "string", "number", "dataframe", "plot")
    - value (can be a string, a dataframe or the path of the plot, NOT a dictionary)
    Examples: 
        { "type": "string", "value": f"The highest salary is {highest_salary}." }
        or
        { "type": "number", "value": 125 }
        or
        { "type": "dataframe", "value": pd.DataFrame({...}) }
        or
        { "type": "plot", "value": "temp_chart.png" }
    """
    df = dfs[0]
    avg_turnover_rate = df['Employee turnover rate'].head(10).mean()
    return {'type': 'number', 'value': avg_turnover_rate}
        ```
2024-01-22 10:18:04 [INFO] Answer: {'type': 'number', 'value': 8.695}
2024-01-22 10:18:04 [INFO] Executed in: 19.347237586975098s
2024-01-22 20:48:20 [INFO] Question: what the trend of candidate hired for first five records?
2024-01-22 20:48:20 [INFO] Running PandasAI with openai LLM...
2024-01-22 20:48:20 [INFO] Prompt ID: 2a4abc18-9b4a-48e5-afcb-30f26f2e3c85
2024-01-22 20:48:21 [INFO] Using prompt: You are provided with the following pandas DataFrames:

<dataframe>
Dataframe dfs[0], with 31 rows and 14 columns.
This is the metadata of the dataframe dfs[0]:
Employee turnover rate,Employee retention rate,Organisation Expansion index,No of Large scale projects,No of medium and small scale projects,NIFTY,SENSEX,NIFTY IT,GDP,Gross profit margin,Working Capital,Quick Ratio,Return on Equity,Candidates Hired
4.5,95.5,0.3,44,13,17339.85,53018.94,27843.35,13548500,62.35,51392,1.93,17.5,1500
9.0,91.0,0.5,45,8,17662.15,72240.26,35515.12,18574290,65.66,55392,1.84,18.0,1800
6.0,94.0,0.5,47,10,19189.05,59549.92,29563.23,16435250,66.66,52492,1.68,16.54,1200
5.45,94.55,0.4,46,5,15780.25,60840.74,28621.72,14541200,63.35,53394,1.76,18.5,1300
8.5,91.5,0.3,34,7,21658.25,71968.72,34835.25,20974620,69.45,54203,1.77,18.5,2000
</dataframe>

<conversation>
User: what the trend of candidate hired for first five records?
</conversation>

This is the initial python function. Do not change the params. Given the context, use the right dataframes.
```python
# TODO import all the dependencies required
import pandas as pd

def analyze_data(dfs: list[pd.DataFrame]) -> dict:
    """
    Analyze the data, using the provided dataframes (`dfs`).
    1. Prepare: Preprocessing and cleaning data if necessary
    2. Process: Manipulating data for analysis (grouping, filtering, aggregating, etc.)
    3. Analyze: Conducting the actual analysis (if the user asks to plot a chart you must save it as an image in temp_chart.png and not show the chart.)
    At the end, return a dictionary of:
    - type (possible values "string", "number", "dataframe", "plot")
    - value (can be a string, a dataframe or the path of the plot, NOT a dictionary)
    Examples: 
        { "type": "string", "value": f"The highest salary is {highest_salary}." }
        or
        { "type": "number", "value": 125 }
        or
        { "type": "dataframe", "value": pd.DataFrame({...}) }
        or
        { "type": "plot", "value": "temp_chart.png" }
    """
```

Take a deep breath and reason step-by-step. Act as a senior data analyst.
In the answer, you must never write the "technical" names of the tables.
Based on the last message in the conversation:
- return the updated analyze_data function wrapped within ```python ```
2024-01-22 20:48:41 [INFO] Code generated:
```
# TODO import all the dependencies required
import pandas as pd

def analyze_data(dfs: list[pd.DataFrame]) -> dict:
    """
    Analyze the data, using the provided dataframes (`dfs`).
    1. Prepare: Preprocessing and cleaning data if necessary
    2. Process: Manipulating data for analysis (grouping, filtering, aggregating, etc.)
    3. Analyze: Conducting the actual analysis (if the user asks to plot a chart you must save it as an image in temp_chart.png and not show the chart.)
    At the end, return a dictionary of:
    - type (possible values "string", "number", "dataframe", "plot")
    - value (can be a string, a dataframe or the path of the plot, NOT a dictionary)
    Examples: 
        { "type": "string", "value": f"The highest salary is {highest_salary}." }
        or
        { "type": "number", "value": 125 }
        or
        { "type": "dataframe", "value": pd.DataFrame({...}) }
        or
        { "type": "plot", "value": "temp_chart.png" }
    """
    
    # Extract the first dataframe from the list
    df = dfs[0]
    
    # Filter the first five records
    first_five_records = df.head(5)
    
    # Get the trend of candidates hired for the first five records
    trend = first_five_records['Candidates Hired'].diff()
    
    # Return the trend as a dataframe
    return {"type": "dataframe", "value": trend}
```

2024-01-22 20:48:41 [INFO] 
Code running:
```
def analyze_data(dfs: list[pd.DataFrame]) ->dict:
    """
    Analyze the data, using the provided dataframes (`dfs`).
    1. Prepare: Preprocessing and cleaning data if necessary
    2. Process: Manipulating data for analysis (grouping, filtering, aggregating, etc.)
    3. Analyze: Conducting the actual analysis (if the user asks to plot a chart you must save it as an image in temp_chart.png and not show the chart.)
    At the end, return a dictionary of:
    - type (possible values "string", "number", "dataframe", "plot")
    - value (can be a string, a dataframe or the path of the plot, NOT a dictionary)
    Examples: 
        { "type": "string", "value": f"The highest salary is {highest_salary}." }
        or
        { "type": "number", "value": 125 }
        or
        { "type": "dataframe", "value": pd.DataFrame({...}) }
        or
        { "type": "plot", "value": "temp_chart.png" }
    """
    df = dfs[0]
    first_five_records = df.head(5)
    trend = first_five_records['Candidates Hired'].diff()
    return {'type': 'dataframe', 'value': trend}
        ```
2024-01-22 20:48:41 [INFO] Answer: {'type': 'dataframe', 'value': 0      NaN
1   -200.0
2   -600.0
3    100.0
4    200.0
Name: Candidates Hired, dtype: float64}
2024-01-22 20:48:41 [INFO] Executed in: 20.999239444732666s
2024-01-22 20:49:38 [INFO] Question: explain in detail the effect of working capital on candidates hired ?
2024-01-22 20:49:38 [INFO] Running PandasAI with openai LLM...
2024-01-22 20:49:38 [INFO] Prompt ID: 32841b7d-09e5-4947-80ff-b8c34278b566
2024-01-22 20:49:38 [INFO] Using prompt: You are provided with the following pandas DataFrames:

<dataframe>
Dataframe dfs[0], with 31 rows and 14 columns.
This is the metadata of the dataframe dfs[0]:
Employee turnover rate,Employee retention rate,Organisation Expansion index,No of Large scale projects,No of medium and small scale projects,NIFTY,SENSEX,NIFTY IT,GDP,Gross profit margin,Working Capital,Quick Ratio,Return on Equity,Candidates Hired
5.45,94.55,0.4,46,5,15780.25,60840.74,28621.72,14541200,63.35,53394,1.76,18.5,1300
6.0,94.0,0.5,47,10,19189.05,59549.92,29563.23,16435250,66.66,52492,1.68,16.54,1200
9.0,91.0,0.5,45,8,17662.15,72240.26,35515.12,18574290,65.66,55392,1.84,18.0,1800
4.5,95.5,0.3,44,13,17339.85,53018.94,27843.35,13548500,62.35,51392,1.93,17.5,1500
8.5,91.5,0.3,34,7,21658.25,71968.72,34835.25,20974620,69.45,54203,1.77,18.5,2000
</dataframe>

<conversation>
User: explain in detail the effect of working capital on candidates hired ?
</conversation>

This is the initial python function. Do not change the params. Given the context, use the right dataframes.
```python
# TODO import all the dependencies required
import pandas as pd

def analyze_data(dfs: list[pd.DataFrame]) -> dict:
    """
    Analyze the data, using the provided dataframes (`dfs`).
    1. Prepare: Preprocessing and cleaning data if necessary
    2. Process: Manipulating data for analysis (grouping, filtering, aggregating, etc.)
    3. Analyze: Conducting the actual analysis (if the user asks to plot a chart you must save it as an image in temp_chart.png and not show the chart.)
    At the end, return a dictionary of:
    - type (possible values "string", "number", "dataframe", "plot")
    - value (can be a string, a dataframe or the path of the plot, NOT a dictionary)
    Examples: 
        { "type": "string", "value": f"The highest salary is {highest_salary}." }
        or
        { "type": "number", "value": 125 }
        or
        { "type": "dataframe", "value": pd.DataFrame({...}) }
        or
        { "type": "plot", "value": "temp_chart.png" }
    """
```

Take a deep breath and reason step-by-step. Act as a senior data analyst.
In the answer, you must never write the "technical" names of the tables.
Based on the last message in the conversation:
- return the updated analyze_data function wrapped within ```python ```
2024-01-22 20:49:57 [INFO] Code generated:
```
# TODO import all the dependencies required
import pandas as pd

def analyze_data(dfs: list[pd.DataFrame]) -> dict:
    """
    Analyze the data, using the provided dataframes (`dfs`).
    1. Prepare: Preprocessing and cleaning data if necessary
    2. Process: Manipulating data for analysis (grouping, filtering, aggregating, etc.)
    3. Analyze: Conducting the actual analysis (if the user asks to plot a chart you must save it as an image in temp_chart.png and not show the chart.)
    At the end, return a dictionary of:
    - type (possible values "string", "number", "dataframe", "plot")
    - value (can be a string, a dataframe or the path of the plot, NOT a dictionary)
    Examples: 
        { "type": "string", "value": f"The highest salary is {highest_salary}." }
        or
        { "type": "number", "value": 125 }
        or
        { "type": "dataframe", "value": pd.DataFrame({...}) }
        or
        { "type": "plot", "value": "temp_chart.png" }
    """
    
    # Extract the relevant dataframe from the list of dataframes
    df = dfs[0]
    
    # Calculate the correlation between working capital and candidates hired
    correlation = df['Working Capital'].corr(df['Candidates Hired'])
    
    # Return the correlation value as a string
    return {"type": "string", "value": f"The correlation between working capital and candidates hired is {correlation}."}
```

2024-01-22 20:49:57 [INFO] 
Code running:
```
def analyze_data(dfs: list[pd.DataFrame]) ->dict:
    """
    Analyze the data, using the provided dataframes (`dfs`).
    1. Prepare: Preprocessing and cleaning data if necessary
    2. Process: Manipulating data for analysis (grouping, filtering, aggregating, etc.)
    3. Analyze: Conducting the actual analysis (if the user asks to plot a chart you must save it as an image in temp_chart.png and not show the chart.)
